
Male vs Female, 2NN classifier, F0 trajectories, WindowLength=500ms

Errors:  160 No. of utterances:  2262 Error rate:  7.07338638373 %
Test utterances stats
male: 49.9557913351% (1130/2262)
female: 50.0442086649% (1132/2262)

Male vs Female vs Child, 3NN classifier, F0 trajectories, WindowLength=500ms

Errors:  272 No. of utterances:  2851 Error rate:  9.54051210102 %
Test utterances stats
male: 39.6352157138% (1130/2851)
female: 39.7053665381% (1132/2851)
child: 20.6594177482% (589/2851)
